   5.5036352e+01
   5.6035703e+01
   5.7008771e+01
   5.7078893e+01
   5.8008620e+01
   5.7008771e+01
   5.8034473e+01
   5.6008928e+01
   5.6035703e+01
   5.6080300e+01
   5.6320511e+01
   5.4083269e+01
   5.2086467e+01
   5.5009090e+01
   5.2038447e+01
   5.5145263e+01
   5.5145263e+01
   5.6008928e+01
   5.5036352e+01
   5.5081757e+01
   5.5036352e+01
   5.5036352e+01
   5.1039201e+01
   5.6000000e+01
   5.2000000e+01
   5.3009433e+01
   5.2009614e+01
   5.4000000e+01
   5.4009258e+01
   5.4000000e+01
   5.2009614e+01
   5.3037722e+01
   4.7000000e+01
   5.4037024e+01
   5.6008928e+01
   5.8008620e+01
   5.4009258e+01
   5.7008771e+01
   5.3037722e+01
   5.6008928e+01
   5.5009090e+01
   6.0074953e+01
   5.6080300e+01
   5.6142675e+01
   5.1000000e+01
   5.2086467e+01
   5.3037722e+01
   5.4037024e+01
   5.4000000e+01
   5.3009433e+01
   5.5036352e+01
   5.6000000e+01
   5.4037024e+01
   5.4009258e+01
   5.1000000e+01
   5.8077534e+01
   6.1073726e+01
   5.7140179e+01
   5.8215118e+01
   5.6080300e+01
   5.6080300e+01
   6.0033324e+01
   5.6142675e+01
   5.7218878e+01
   5.5081757e+01
   5.7140179e+01
   5.2009614e+01
   5.4000000e+01
   5.4037024e+01
   5.3000000e+01
   5.2009614e+01
   5.2038447e+01
   5.3009433e+01
   5.4009258e+01
   5.7035077e+01
   5.5009090e+01
   5.1009803e+01
   5.1009803e+01
   5.1088159e+01
   5.4037024e+01
   5.4037024e+01
   5.0089919e+01
   5.3084838e+01
   5.5000000e+01
   5.2000000e+01
   5.3084838e+01
   4.7010637e+01
   5.0159745e+01
   5.2038447e+01
   5.4037024e+01
   5.4230987e+01
   5.3037722e+01
   5.3150729e+01
   5.3037722e+01
   5.2086467e+01
   5.3009433e+01
   5.5081757e+01
   5.4332311e+01
   4.9254441e+01
   5.9008474e+01
   5.9033889e+01
   5.9033889e+01
   5.9008474e+01
   5.9000000e+01
   5.9008474e+01
   6.0000000e+01
   5.9008474e+01
   6.1073726e+01
   5.9000000e+01
   5.8008620e+01
   6.3198101e+01
   6.1204575e+01
   6.4007812e+01
   6.4195015e+01
   6.2289646e+01
   6.1032778e+01
   6.3007936e+01
   6.3126856e+01
   5.9304300e+01
   6.2201286e+01
   6.0074953e+01
   5.9076222e+01
   5.9076222e+01
   5.9304300e+01
   5.7008771e+01
   5.8000000e+01
   5.8008620e+01
   5.7078893e+01
   5.7428216e+01
   5.6435804e+01
   5.7428216e+01
   5.9304300e+01
   5.2009614e+01
   5.2009614e+01
   5.2086467e+01
   5.1009803e+01
   5.1009803e+01
   5.3037722e+01
   5.0039984e+01
   5.3150729e+01
   5.8000000e+01
   5.2000000e+01
   5.0249378e+01
   5.6035703e+01
   5.6008928e+01
   5.2086467e+01
   5.6080300e+01
   5.5009090e+01
   5.6000000e+01
   5.7078893e+01
   5.5009090e+01
   6.0008333e+01
   5.6008928e+01
   6.0000000e+01
   5.2000000e+01
   5.5000000e+01
   5.6008928e+01
   5.3084838e+01
   5.4009258e+01
   5.3084838e+01
   5.7008771e+01
   5.4037024e+01
   5.6008928e+01
   5.6000000e+01
   5.7035077e+01
